ID,Timestamp,Count,Change
1,1721125940,115,0
2,1721126005,122,7
3,1721126128,138,16
4,1721126558,140,2
5,1721126683,143,3
6,1721127415,149,6
7,1721127478,152,3
8,1721127725,166,14
9,1721127852,175,9
10,1721128219,182,7
11,1721128465,186,4
12,1721128650,190,4
13,1721128714,213,23
14,1721129144,218,5
15,1721129327,228,10
16,1721129451,235,7
17,1721129575,236,1
18,1721129656,237,1
19,1721129762,245,8
20,1721129879,247,2
21,1721130011,259,12
22,1721130350,265,6
23,1721130475,289,24
24,1721130720,290,1
25,1721131027,294,4
26,1721131275,300,6
27,1721131597,314,14
28,1721131727,315,1
29,1721131974,327,12
30,1721132100,346,19
31,1721132162,348,2
32,1721132288,352,4
33,1721132412,373,21
34,1721132599,378,5
35,1721132662,385,7
36,1721132849,398,13
37,1721133034,414,16
38,1721133098,432,18
39,1721133405,457,25
40,1721133529,459,2
41,1721133593,461,2
42,1721133657,462,1
43,1721133782,464,2
44,1721133846,468,4
45,1721134084,499,31
46,1721134330,509,10
47,1721134640,527,18
48,1721134886,556,29
49,1721135024,572,16
50,1721135211,586,14
51,1721135275,599,13
52,1721135482,609,10
53,1721135836,623,14
54,1721135899,625,2
55,1721136260,675,50
56,1721136301,698,23
57,1721136476,701,3
58,1721136664,750,49
59,1721136849,767,17
60,1721137217,802,35
61,1721137588,829,27
62,1721137773,841,12
63,1721137898,861,20
64,1721138023,868,7
65,1721138147,872,4
66,1721138211,873,1
67,1721138643,950,77
68,1721138768,954,4
69,1721139015,1053,99
70,1721139323,1128,75
71,1721139693,1222,94
72,1721140550,1426,204
73,1721140736,1455,29
74,1721140800,1463,8
75,1721141232,1584,121
76,1721141356,1598,14
77,1721142031,1809,211
78,1721142888,2018,209
79,1721143013,2072,54
80,1721143138,2078,6
81,1721143569,2223,145
82,1721143756,2281,58
83,1721144002,2321,40
84,1721144126,2329,8
85,1721144800,2483,154
86,1721144987,2569,86
87,1721145602,2749,180
88,1721146215,2943,194
89,1721146948,3140,197
90,1721147317,3228,88
91,1721147807,3345,117
92,1721148670,3641,296
93,1721149286,3858,217
94,1721150579,4325,467
95,1721151810,4726,401
96,1721151999,4756,30
97,1721152612,5020,264
98,1721153533,5485,465
99,1721154761,5942,457
100,1721155927,6348,406
101,1721157154,6966,618
102,1721157402,7003,37
103,1721157527,7042,39
104,1721158632,7492,450
105,1721159802,8051,559
106,1721159866,8056,5
107,1721160176,8152,96
108,1721161037,8533,381
109,1721161467,8653,120
110,1721162759,9093,440
111,1721164174,9707,614
112,1721165582,10238,531
113,1721165829,10361,123
114,1721165954,10366,5
115,1721167241,10911,545
116,1721167671,11011,100
117,1721168960,11451,440
118,1721169269,11539,88
119,1721170374,11874,335
120,1721171475,12446,572
121,1721172641,13023,577
122,1721173435,13258,235
123,1721173808,13338,80
124,1721174298,13537,199
125,1721174547,13638,101
126,1721174733,13669,31
127,1721174797,13713,44
128,1721174983,13746,33
129,1721175473,13880,134
130,1721176269,14217,337
131,1721176516,14321,104
132,1721176825,14371,50
133,1721177741,14500,129
134,1721178172,14651,151
135,1721178542,14724,73
136,1721179399,15012,288
137,1721180136,15274,262
138,1721180259,15295,21
139,1721180565,15375,80
140,1721180994,15463,88
141,1721181119,15495,32
142,1721182156,15803,308
143,1721182344,15806,3
144,1721182771,15910,104
145,1721183751,16261,351
146,1721183935,16268,7
147,1721184669,16614,346
148,1721184855,16667,53
149,1721184919,16671,4
150,1721185410,16780,109
151,1721185534,16798,18
152,1721185779,16905,107
153,1721186209,17019,114
154,1721186820,17203,184
155,1721187189,17274,71
156,1721187802,17521,247
157,1721188048,17622,101
158,1721188355,17766,144
159,1721188601,17819,53
160,1721188847,17893,74
161,1721189215,17970,77
162,1721189583,18131,161
163,1721189829,18183,52
164,1721190318,18350,167
165,1721190504,18440,90
166,1721190628,18452,12
167,1721191179,18629,177
168,1721191363,18681,52
169,1721191912,18830,149
170,1721192949,19293,463
171,1721193135,19337,44
172,1721194111,19634,297
173,1721195028,20001,367
174,1721196436,20519,518
175,1721197230,20756,237
176,1721198210,21054,298
177,1721198820,21279,225
178,1721200163,21672,393
179,1721200409,21735,63
180,1721200899,21990,255
181,1721201329,22117,127
182,1721202664,22634,517
183,1721203583,23089,455
184,1721204801,23537,448
185,1721205719,24108,571
186,1721206212,24374,266
187,1721206764,24669,295
188,1721207804,25139,470
189,1721208600,25640,501
190,1721209453,26130,490
191,1721209517,26143,13
192,1721210432,26789,646
193,1721211167,27343,554
194,1721211902,27755,412
195,1721212639,28173,418
196,1721213193,28707,534
197,1721213867,29165,458
198,1721214422,29582,417
199,1721215156,30161,579
200,1721215707,30689,528
201,1721216380,31075,386
202,1721217055,31546,471
203,1721217610,32325,779
204,1721218162,32720,395
205,1721218837,33171,451
206,1721219329,33684,513
207,1721219823,34191,507
208,1721220376,34609,418
209,1721220869,35185,576
210,1721221423,35590,405
211,1721221913,36045,455
212,1721222344,36603,558
213,1721222897,37008,405
214,1721223391,37594,586
215,1721223883,38072,478
216,1721224377,38618,546
217,1721224746,39092,474
218,1721225300,39553,461
219,1721225732,40085,532
220,1721226227,40511,426
221,1721226659,40836,325
222,1721227090,41286,450
223,1721227583,41727,441
224,1721228015,42136,409
225,1721228509,42590,454
226,1721228942,43012,422
227,1721229313,43494,482
228,1721229867,44026,532
229,1721230301,44477,451
230,1721230706,44918,441
231,1721231260,45422,504
232,1721231691,45889,467
233,1721232063,46444,555
234,1721232565,46898,454
235,1721232995,47299,401
236,1721233426,47825,526
237,1721233920,48228,403
238,1721234291,48793,565
239,1721234661,49168,375
240,1721235093,49560,392
241,1721235525,49958,398
242,1721235956,50349,391
243,1721236326,50742,393
244,1721236817,51122,380
245,1721237188,51516,394
246,1721237619,51965,449
247,1721238052,52370,405
248,1721238423,52983,613
249,1721238857,53438,455
250,1721239290,53947,509
251,1721239659,54412,465
252,1721240090,54904,492
253,1721240460,55275,371
254,1721240770,55710,435
255,1721241140,56256,546
256,1721241630,56564,308
257,1721242005,57023,459
258,1721242375,57467,444
259,1721242683,57922,455
260,1721243054,58249,327
261,1721243425,58654,405
262,1721243858,59080,426
263,1721244166,59577,497
264,1721244535,60076,499
265,1721244905,60468,392
266,1721245215,60886,418
267,1721245524,61339,453
268,1721245833,61710,371
269,1721246266,62161,451
270,1721246697,62541,380
271,1721247007,62939,398
272,1721247318,63341,402
273,1721247748,63716,375
274,1721248181,64102,386
275,1721248612,64553,451
276,1721248983,64875,322
277,1721249353,65237,362
278,1721249661,65556,319
279,1721250092,65978,422
280,1721250460,66545,567
281,1721250890,67001,456
282,1721251322,67427,426
283,1721251691,67647,220
284,1721252183,68057,410
285,1721252614,68521,464
286,1721253102,68970,449
287,1721253657,69510,540
288,1721254089,69974,464
289,1721254520,70478,504
290,1721255013,71072,594
291,1721255567,71542,470
292,1721256060,72003,461
293,1721256426,72373,370
294,1721256918,72896,523
295,1721257410,73461,565
296,1721258026,73860,399
297,1721258580,74390,530
298,1721259135,74861,471
299,1721262401,77668,2807
300,1721262951,78181,513
301,1721263742,78745,564
302,1721264444,79323,578
303,1721265242,79780,457
304,1721266039,80287,507
305,1721266777,80768,481
306,1721267514,81242,474
307,1721267640,81282,40
308,1721268374,81783,501
309,1721269167,82258,475
310,1721269902,82822,564
311,1721270635,83351,529
312,1721271309,83849,498
313,1721271860,84415,566
314,1721272533,84877,462
315,1721273270,85539,662
316,1721274008,86021,482
317,1721274741,86515,494
318,1721275477,87319,804
319,1721276211,88111,792
320,1721276762,88617,506
321,1721277556,89260,643
322,1721278231,89952,692
323,1721278907,90409,457
324,1721279761,90922,513
325,1721280312,91394,472
326,1721280985,91983,589
327,1721281659,92541,558
328,1721282271,93103,562
329,1721282883,93516,413
330,1721283556,94159,643
331,1721284229,94618,459
332,1721284842,95190,572
333,1721285456,95707,517
334,1721285823,96132,425
335,1721286434,96566,434
336,1721286984,97083,517
337,1721287475,97798,715
338,1721288026,98193,395
339,1721288577,98746,553
340,1721289007,99116,370
341,1721289559,99591,475
342,1721290049,100131,540
343,1721290539,100480,349
344,1721290965,100928,448
345,1721291516,101312,384
346,1721291884,101762,450
347,1721292374,102126,364
348,1721292740,102668,542
349,1721293231,103019,351
350,1721293662,103435,416
351,1721294090,103794,359
352,1721294582,104362,568
353,1721294891,104947,585
354,1721295382,105519,572
355,1721295815,106258,739
356,1721296183,106586,328
357,1721296612,107174,588
358,1721297041,107800,626
359,1721297411,108519,719
360,1721297838,108917,398
361,1721298267,109375,458
362,1721298696,109801,426
363,1721299064,110314,513
364,1721299494,110818,504
365,1721299681,110922,104
366,1721300048,111324,402
367,1721300416,111679,355
368,1721300845,112127,448
369,1721301153,112522,395
370,1721301523,112928,406
371,1721301830,113399,471
372,1721302199,113999,600
373,1721302508,114329,330
374,1721302816,114938,609
375,1721303125,115511,573
376,1721303494,115822,311
377,1721303803,116287,465
378,1721304171,116600,313
379,1721304481,116938,338
380,1721304789,117399,461
381,1721305098,117771,372
382,1721305466,118144,373
383,1721305713,118478,334
384,1721306143,118954,476
385,1721306452,119422,468
386,1721306761,119908,486
387,1721307008,120352,444
388,1721307378,120765,413
389,1721307747,121120,355
390,1721308117,121713,593
391,1721308365,122104,391
392,1721308673,122478,374
393,1721308982,122837,359
394,1721309231,123395,558
395,1721309538,123692,297
396,1721309846,124161,469
397,1721310095,124614,453
398,1721310343,124978,364
399,1721310716,125395,417
400,1721310964,125849,454
401,1721311212,126219,370
402,1721311459,126800,581
403,1721311768,127218,418
404,1721312076,127787,569
405,1721312385,128218,431
406,1721312693,128503,285
407,1721312940,128881,378
408,1721313127,129299,418
409,1721313432,129894,595
410,1721313682,130349,455
411,1721313991,130801,452
412,1721314298,131088,287
413,1721314543,131486,398
414,1721314795,131789,303
415,1721315101,132254,465
416,1721315290,132687,433
417,1721315537,133190,503
418,1721315785,133617,427
419,1721316094,134005,388
420,1721316403,134349,344
421,1721316711,134706,357
422,1721316897,135035,329
423,1721317143,135768,733
424,1721317390,136219,451
425,1721317697,136550,331
426,1721317946,136984,434
427,1721318194,137628,644
428,1721318501,137957,329
429,1721318748,138312,355
430,1721319057,138621,309
431,1721319243,139058,437
432,1721319490,139406,348
433,1721319799,139775,369
434,1721320046,140228,453
435,1721320355,140444,216
436,1721320664,140725,281
437,1721320911,141172,447
438,1721321159,141732,560
439,1721321407,142041,309
440,1721321655,142595,554
441,1721321903,143023,428
442,1721322213,143466,443
443,1721322460,143729,263
444,1721322768,144136,407
445,1721323016,144530,394
446,1721323203,145085,555
447,1721323452,145447,362
448,1721323761,145845,398
449,1721324070,146189,344
450,1721324316,146513,324
451,1721324561,146954,441
452,1721324808,147311,357
453,1721325115,147739,428
454,1721325360,148121,382
455,1721325607,148501,380
456,1721325913,148816,315
457,1721326161,149132,316
458,1721326409,149591,459
459,1721326717,149977,386
460,1721326965,150381,404
461,1721327271,150872,491
462,1721327578,151198,326
463,1721327764,151471,273
464,1721327949,151847,376
465,1721328258,152125,278
466,1721328506,152545,420
467,1721328814,152802,257
468,1721329061,153131,329
469,1721329308,153501,370
470,1721329555,153889,388
471,1721329803,154184,295
472,1721330051,154484,300
473,1721330360,154853,369
474,1721330607,155363,510
475,1721330856,155825,462
476,1721331164,156149,324
477,1721331413,156440,291
478,1721331720,156903,463
479,1721331906,157281,378
480,1721332153,157636,355
481,1721332397,157924,288
482,1721332705,158228,304
483,1721333014,158557,329
484,1721333260,158949,392
485,1721333567,159357,408
486,1721333875,159667,310
487,1721334062,159978,311
488,1721334310,160660,682
489,1721334557,161138,478
490,1721334805,161455,317
491,1721335174,161830,375
492,1721335422,162232,402
493,1721335669,162662,430
494,1721335978,163017,355
495,1721336163,163700,683
496,1721336472,164068,368
497,1721336780,164611,543
498,1721337026,165092,481
499,1721337273,165460,368
500,1721337581,166490,1030
501,1721337889,166847,357
502,1721338196,167273,426
503,1721338382,167562,289
504,1721338690,167944,382
505,1721339060,168298,354
506,1721339306,168790,492
507,1721339615,169260,470
508,1721339922,169668,408
509,1721340168,170129,461
510,1721340537,170641,512
511,1721340724,171037,396
512,1721341092,171464,427
513,1721341462,171805,341
514,1721341770,172254,449
515,1721342139,172629,375
516,1721342444,173025,396
517,1721342751,173455,430
518,1721343179,173837,382
519,1721343425,174276,439
520,1721343915,174826,550
521,1721344223,175332,506
522,1721344650,175738,406
523,1721345079,176286,548
524,1721345508,176946,660
525,1721345876,177409,463
526,1721346307,177870,461
527,1721346676,178395,525
528,1721347168,178966,571
529,1721347476,179431,465
530,1721347905,179806,375
531,1721348273,180352,546
532,1721348643,180753,401
533,1721349073,181369,616
534,1721349503,181992,623
535,1721349994,182454,462
536,1721350485,182998,544
537,1721350975,183457,459
538,1721351343,183955,498
539,1721351895,184383,428
540,1721352386,184885,502
541,1721352876,185355,470
542,1721353243,185979,624
543,1721353731,186419,440
544,1721354161,186861,442
545,1721354652,187275,414
546,1721355081,187815,540
547,1721355572,188203,388
548,1721356123,188672,469
549,1721356614,189271,599
550,1721357044,189694,423
551,1721357535,190283,589
552,1721358025,190867,584
553,1721358578,191399,532
554,1721359133,191884,485
555,1721359681,192375,491
556,1721360171,193147,772
557,1721360663,193674,527
558,1721361153,194340,666
559,1721361642,194760,420
560,1721362252,195778,1018
561,1721362741,196275,497
562,1721363231,196850,575
563,1721363782,197396,546
564,1721364270,198043,647
565,1721364757,198476,433
566,1721365306,198886,410
567,1721365795,199421,535
568,1721366225,199918,497
569,1721366713,200676,758
570,1721367202,201096,420
571,1721367692,201579,483
572,1721368121,202458,879
573,1721368669,202950,492
574,1721369038,203546,596
575,1721369465,204087,541
576,1721369954,204573,486
577,1721370382,205122,549
578,1721370869,205622,500
579,1721371235,206155,533
580,1721371663,206687,532
581,1721372033,207175,488
582,1721372464,207557,382
583,1721372893,208221,664
584,1721373384,208702,481
585,1721373749,209141,439
586,1721374237,209525,384
587,1721374606,209957,432
588,1721375097,210394,437
589,1721375466,210933,539
590,1721375955,211400,467
591,1721376322,211958,558
592,1721376749,212377,419
593,1721377178,212888,511
594,1721377483,213482,594
595,1721377850,213892,410
596,1721378277,214239,347
597,1721378644,214742,503
598,1721379073,215217,475
599,1721379442,215624,407
600,1721379810,216225,601
601,1721380237,216660,435
602,1721380543,217112,452
603,1721380912,217564,452
604,1721381340,218393,829
605,1721381647,218945,552
606,1721381711,219118,173
607,1721382078,219709,591
608,1721382446,220130,421
609,1721382752,220650,520
610,1721383120,221157,507
611,1721383488,221599,442
612,1721383797,222045,446
613,1721384043,222549,504
614,1721384412,222941,392
615,1721384721,223403,462
616,1721385089,223712,309
617,1721385395,224100,388
618,1721385641,224577,477
619,1721386008,225058,481
620,1721386254,225468,410
621,1721386561,225779,311
622,1721386867,226222,443
623,1721387174,226631,409
624,1721387483,227029,398
625,1721387790,227413,384
626,1721388098,227761,348
627,1721388406,228229,468
628,1721388714,228619,390
629,1721388963,229027,408
630,1721389269,229730,703
631,1721389515,230213,483
632,1721389884,230705,492
633,1721390131,231219,514
634,1721390377,231584,365
635,1721390623,231998,414
636,1721390871,232506,508
637,1721391179,232964,458
638,1721391364,233359,395
639,1721391611,233690,331
640,1721391861,234095,405
641,1721392108,234470,375
642,1721392355,234731,261
643,1721392601,235146,415
644,1721392848,235671,525
645,1721393094,236097,426
646,1721393340,236606,509
647,1721393526,237201,595
648,1721393774,237629,428
649,1721394021,238105,476
650,1721394268,238409,304
651,1721394515,239021,612
652,1721394761,239472,451
653,1721395007,239962,490
654,1721395254,240322,360
655,1721395439,240986,664
656,1721395625,241526,540
657,1721395871,241981,455
658,1721396118,242549,568
659,1721396364,242848,299
660,1721396551,243252,404
661,1721396798,243759,507
662,1721397046,244157,398
663,1721397294,244602,445
664,1721397480,245043,441
665,1721397665,245499,456
666,1721397851,246016,517
667,1721398038,246477,461
668,1721398286,246782,305
669,1721398534,247214,432
670,1721398842,247569,355
671,1721399028,247877,308
672,1721399276,248324,447
673,1721399462,248686,362
674,1721399648,249001,315
675,1721399954,249340,339
676,1721400205,249659,319
677,1721400453,250253,594
678,1721400701,250750,497
679,1721400887,251281,531
680,1721401074,251685,404
681,1721401322,252207,522
682,1721401448,252658,451
683,1721401696,253140,482
684,1721401883,253471,331
685,1721402131,253995,524
686,1721402378,254551,556
687,1721402565,254882,331
688,1721402813,255300,418
689,1721403061,255684,384
690,1721403249,255964,280
691,1721403496,256374,410
692,1721403743,256654,280
693,1721403929,257110,456
694,1721404177,257683,573
695,1721404423,258006,323
696,1721404669,258352,346
697,1721404856,259016,664
698,1721405042,259457,441
699,1721405228,259886,429
700,1721405475,260376,490
701,1721405666,260944,568
702,1721405913,261549,605
703,1721406160,262028,479
704,1721406408,262408,380
705,1721406656,262803,395
706,1721406842,263130,327
707,1721407091,263548,418
708,1721407339,263940,392
709,1721407524,264290,350
710,1721407711,264640,350
711,1721408021,265010,370
